import math
import random

# Matriz Adjacência

M = [0, 13, 21, 13, 9, 25, 9, 26, 14, 16, 24, 11, 5, 16, 5, 18, 16, 15, 15, 25, 10, 5, 18, 28, 12]
[17, 0, 9, 5, 13, 15, 11, 28, 15, 25, 23, 19, 25, 21, 11, 13, 28, 5, 26, 5, 27, 21, 5, 28, 29]
[15, 19, 0, 8, 27, 24, 15, 15, 13, 21, 6, 29, 23, 16, 12, 18, 10, 7, 13, 14, 9, 13, 14, 21, 19]
[27, 21, 12, 0, 26, 6, 11, 7, 23, 28, 23, 23, 24, 29, 7, 6, 7, 22, 15, 21, 7, 6, 11, 15, 28]
[11, 29, 12, 28, 0, 7, 9, 19, 26, 12, 27, 7, 9, 16, 17, 24, 20, 25, 18, 11, 9, 22, 12, 5, 12]
[25, 21, 28, 29, 21, 0, 25, 10, 20, 29, 28, 19, 27, 22, 12, 23, 15, 8, 11, 25, 26, 8, 9, 26, 7]
[9, 29, 9, 13, 11, 13, 0, 5, 5, 9, 23, 19, 22, 18, 25, 22, 29, 15, 7, 19, 29, 28, 22, 20, 25]
[14, 21, 24, 13, 18, 18, 29, 0, 5, 24, 15, 26, 18, 11, 5, 19, 8, 17, 19, 7, 26, 23, 21, 27, 13]
[5, 29, 5, 6, 19, 6, 8, 8, 0, 24, 26, 23, 24, 5, 27, 24, 25, 28, 17, 10, 9, 22, 24, 8, 27]
[11, 13, 23, 26, 25, 8, 11, 14, 11, 0, 9, 23, 28, 17, 18, 22, 25, 22, 5, 14, 23, 18, 23, 12, 24]
[9, 19, 12, 8, 8, 7, 12, 26, 10, 20, 0, 22, 5, 21, 11, 27, 20, 14, 26, 7, 29, 8, 24, 9, 23]
[8, 11, 20, 7, 10, 16, 5, 18, 13, 17, 8, 0, 14, 19, 28, 25, 21, 25, 24, 13, 22, 17, 12, 10, 10]
[9, 28, 29, 14, 12, 24, 20, 16, 18, 27, 20, 15, 0, 5, 21, 19, 23, 15, 10, 24, 14, 12, 18, 19, 11]
[25, 17, 13, 5, 13, 10, 26, 20, 12, 20, 7, 24, 6, 0, 14, 20, 24, 19, 27, 19, 10, 17, 21, 25, 27]
[18, 26, 28, 25, 7, 21, 10, 12, 15, 26, 10, 12, 23, 18, 0, 8, 9, 9, 24, 21, 5, 18, 8, 9, 19]
[21, 26, 14, 17, 24, 28, 24, 11, 17, 23, 23, 17, 22, 26, 22, 0, 16, 27, 28, 25, 21, 24, 24, 8, 10]
[13, 24, 19, 13, 20, 15, 27, 11, 18, 23, 11, 28, 27, 16, 10, 27, 0, 6, 15, 14, 21, 24, 29, 21, 7]
[11, 21, 17, 22, 15, 25, 10, 12, 12, 26, 17, 14, 5, 15, 7, 26, 14, 0, 11, 18, 26, 6, 20, 18, 26]
[29, 17, 25, 17, 21, 29, 27, 15, 13, 13, 10, 9, 18, 23, 14, 10, 24, 29, 0, 27, 24, 18, 15, 9, 20]
[25, 16, 23, 15, 17, 18, 24, 5, 5, 26, 18, 22, 27, 26, 12, 16, 28, 22, 23, 0, 28, 17, 19, 8, 20]
[21, 16, 15, 10, 18, 27, 13, 20, 18, 13, 22, 14, 22, 8, 22, 7, 20, 10, 23, 19, 0, 11, 24, 27, 11]
[6, 20, 25, 25, 7, 20, 28, 6, 27, 28, 22, 23, 8, 16, 14, 14, 8, 16, 26, 13, 6, 0, 22, 20, 23]
[25, 10, 8, 19, 21, 27, 29, 15, 26, 12, 23, 10, 23, 28, 16, 13, 29, 21, 6, 12, 22, 22, 0, 14, 18]
[10, 11, 11, 13, 22, 14, 9, 7, 5, 22, 22, 19, 6, 11, 27, 15, 15, 22, 12, 15, 5, 7, 10, 0, 16]
[25, 5, 10, 9, 22, 18, 9, 18, 25, 18, 10, 27, 15, 6, 23, 6, 22, 24, 20, 22, 28, 13, 13, 6, 0]

n = 25
C = 25
L_saida = []
for i in range(n):
    L_saida.append(n * [0])
    for j in range(n):
      if(j != i):
        L_saida[i][j] = 5 + math.floor(C * random.random())
        print(L_saida[i])
def cam(caminho):
      d = L_saida[0][caminho[0]] + L_saida[caminho[n-2]][0]
      for j in range(n-2):
        d = d + L_saida[caminho[j]][caminho[j+1]]
      return d
print(list(range(n)))
print(cam(range(n)))
print(list(range(n)[::-1]))
print(cam(range(n)[::-1]))
l = list(range(n))
random.shuffle(l)
print(l)