# Matriz Adjacência

m = [[0, 8, 10, 0, 0, 1, 14, 0, 0, 0, 0, 0, 0, 0, 0, 0, 0, 0, 11, 0],
 [8, 0, 0, 0, 0, 0, 0, 11, 0, 0, 0, 0, 0, 0, 2, 0, 0, 0, 0, 0],
 [10, 0, 0, 6, 6, 0, 9, 0, 0, 4, 1, 7, 0, 0, 0, 11, 0, 0, 0, 18],
 [0, 0, 6, 0, 0, 0, 0, 0, 16, 0, 0, 0, 0, 0, 0, 5, 0, 0, 0, 0],
 [0, 0, 6, 0, 0, 3, 10, 0, 0, 0, 17, 0, 0, 0, 0, 0, 0, 0, 0, 3],
 [1, 0, 0, 0, 3, 0, 11, 0, 0, 0, 0, 0, 0, 17, 17, 0, 12, 0, 2, 0],
 [14, 0, 9, 0, 10, 11, 0, 1, 0, 19, 0, 0, 0, 15, 0, 5, 3, 0, 0, 0],
 [0, 11, 0, 0, 0, 0, 1, 0, 13, 0, 0, 0, 0, 0, 0, 0, 0, 0, 19, 0],
 [0, 0, 0, 16, 0, 0, 0, 13, 0, 0, 0, 16, 0, 0, 3, 0, 0, 0, 15, 0],
 [0, 0, 4, 0, 0, 0, 19, 0, 0, 0, 0, 1, 0, 6, 0, 0, 0, 19, 0, 0],
 [0, 0, 1, 0, 17, 0, 0, 0, 0, 0, 0, 0, 0, 0, 0, 2, 0, 0, 16, 0],
 [0, 0, 7, 0, 0, 0, 0, 0, 16, 1, 0, 0, 0, 11, 0, 10, 0, 0, 0, 0],
 [0, 0, 0, 0, 0, 0, 0, 0, 0, 0, 0, 0, 0, 0, 0, 0, 5, 11, 0, 0],
 [0, 0, 0, 0, 0, 17, 15, 0, 0, 6, 0, 11, 0, 0, 0, 0, 9, 6, 12, 6],
 [0, 2, 0, 0, 0, 17, 0, 0, 3, 0, 0, 0, 0, 0, 0, 0, 6, 0, 11, 0],
 [0, 0, 11, 5, 0, 0, 5, 0, 0, 0, 2, 10, 0, 0, 0, 0, 0, 2, 0, 7],
 [0, 0, 0, 0, 0, 12, 3, 0, 0, 0, 0, 0, 5, 9, 6, 0, 0, 13, 10, 3],
 [0, 0, 0, 0, 0, 0, 0, 0, 0, 19, 0, 0, 11, 6, 0, 2, 13, 0, 0, 0],
 [11, 0, 0, 0, 0, 2, 0, 19, 15, 0, 16, 0, 0, 12, 11, 0, 10, 0, 0, 0],
 [0, 0, 18, 0, 3, 0, 0, 0, 0, 0, 0, 0, 0, 6, 0, 7, 3, 0, 0, 0]]

L = []

for i in range(20):
  for j in range(20):
    m[i][j]
    if(m[i][j] != 0):
      L.append((i, j))
set = []
for i in range(20):
    set.append(i)

def conjunto(V):
  u = set[V]

  if(u == V):
    return u

  set[V] = conjunto(u)
  return set[V]

for aresta in L:
  (i, j) = aresta

  if(conjunto(i) != conjunto(j)):
    print(i, j)

    set[i] = conjunto(j)