1 2
2 3
3 4
4 5
5 6
6 7
8 9
10 11
11 12
12 13
14 15
15 16
16 17
18 19
0 20
4 24
7 27
8 28
10 30
12 32
13 33
16 36
17 37
18 38
19 39
20 21
22 23
23 24
26 27
28 29
29 30
30 31
33 34
34 35
35 36
37 38
21 41
22 42
25 45
26 46
32 52
35 55
41 42
43 44
44 45
46 47
47 48
48 49
49 50
50 51
53 54
56 57
57 58
58 59
40 60
43 63
45 65
51 71
52 72
53 73
54 74
56 76
59 79
60 61
61 62
62 63
66 67
67 68
68 69
69 70
72 73
74 75
75 76
77 78
78 79
60 80
63 83
64 84
65 85
67 87
71 91
73 93
77 97
79 99
81 82
82 83
84 85
85 86
86 87
88 89
89 90
91 92
94 95
95 96
97 98
80 100
81 101
84 104
88 108
90 110
92 112
94 114
96 116
98 118
99 119
101 102
102 103
105 106
106 107
108 109
110 111
112 113
116 117
100 120
103 123
105 125
107 127
109 129
110 130
111 131
113 133
114 134
115 135
117 137
118 138
119 139
120 121
123 124
124 125
128 129
131 132
135 136
136 137
121 141
122 142
126 146
127 147
128 148
130 150
132 152
133 153
134 154
135 155
138 158
139 159
141 142
142 143
144 145
145 146
148 149
150 151
153 154
156 157
157 158
140 160
143 163
144 164
145 165
146 166
147 167
148 168
151 171
155 175
158 178
159 179
160 161
161 162
167 168
169 170
171 172
172 173
173 174
175 176
176 177
177 178
160 180
162 182
163 183
165 185
169 189
170 190
171 191
173 193
179 199
182 183
184 185
186 187
187 188
191 192
193 194
194 195
195 196
197 198
180 200
181 201
184 204
185 205
186 206
188 208
189 209
190 210
192 212
194 214
196 216
198 218
199 219
200 201
202 203
203 204
208 209
214 215
216 217
217 218
201 221
202 222
203 223
206 226
207 227
210 230
211 231
212 232
213 233
215 235
216 236
219 239
224 225
225 226
227 228
228 229
231 232
233 234
237 238
220 240
221 241
222 242
223 243
224 244
227 247
230 250
231 251
233 253
235 255
237 257
238 258
239 259
240 241
246 247
247 248
248 249
249 250
251 252
252 253
254 255
256 257
258 259
240 260
243 263
244 264
245 265
246 266
254 274
255 275
256 276
261 262
262 263
266 267
267 268
268 269
270 271
271 272
272 273
273 274
277 278
278 279
260 280
261 281
262 282
264 284
265 285
269 289
270 290
275 295
276 296
279 299
280 281
283 284
285 286
286 287
287 288
288 289
289 290
291 292
292 293
293 294
297 298
298 299
282 302
283 303
287 307
291 311
295 315
296 316
297 317
299 319
301 302
304 305
305 306
307 308
309 310
311 312
313 314
314 315
316 317
300 320
301 321
303 323
304 324
306 326
309 329
310 330
312 332
313 333
318 338
319 339
320 321
324 325
326 327
327 328
328 329
330 331
332 333
333 334
335 336
337 338
338 339
320 340
322 342
323 343
325 345
331 351
335 355
336 356
337 357
341 342
343 344
344 345
346 347
347 348
348 349
349 350
351 352
352 353
353 354
354 355
358 359
340 360
342 362
349 369
350 370
356 376
357 377
358 378
359 379
361 362
363 364
364 365
366 367
367 368
368 369
370 371
371 372
372 373
373 374
374 375
376 377
360 380
361 381
362 382
364 384
365 385
366 386
369 389
379 399
380 381
382 383
387 388
388 389
390 391
391 392
392 393
393 394
394 395
395 396
396 397
397 398
398 399
383 403
384 404
385 405
386 406
390 410
395 415
399 419
400 401
401 402
403 404
406 407
407 408
408 409
409 410
411 412
412 413
416 417
417 418
418 419
400 420
402 422
405 425
406 426
411 431
413 433
414 434
415 435
416 436
420 421
422 423
427 428
428 429
429 430
430 431
431 432
433 434
437 438
438 439
420 440
421 441
423 443
424 444
425 445
426 446
428 448
432 452
435 455
436 456
438 458
439 459
441 442
443 444
446 447
449 450
451 452
453 454
454 455
456 457
457 458
440 460
442 462
443 463
445 465
447 467
449 469
450 470
451 471
453 473
464 465
466 467
467 468
468 469
471 472
473 474
474 475
475 476
476 477
478 479
460 480
461 481
462 482
463 483
464 484
466 486
470 490
472 492
477 497
478 498
479 499
480 481
488 489
490 491
491 492
492 493
494 495
495 496
497 498
481 501
482 502
484 504
485 505
486 506
487 507
488 508
489 509
493 513
494 514
496 516
499 519
500 501
502 503
505 506
506 507
510 511
512 513
517 518
518 519
500 520
503 523
504 524
505 525
508 528
509 529
510 530
511 531
512 532
514 534
515 535
516 536
517 537
519 539
520 521
522 523
526 527
529 530
532 533
533 534
538 539
521 541
522 542
524 544
526 546
527 547
528 548
531 551
535 555
536 556
537 557
539 559
540 541
542 543
543 544
545 546
547 548
549 550
552 553
555 556
557 558
540 560
545 565
549 569
550 570
551 571
552 572
553 573
554 574
555 575
558 578
559 579
560 561
561 562
563 564
564 565
565 566
566 567
567 568
571 572
575 576
577 578
562 582
567 587
568 588
569 589
573 593
574 594
575 595
577 597
579 599
580 581
581 582
583 584
584 585
585 586
589 590
590 591
591 592
592 593
594 595
596 597
580 600
583 603
586 606
587 607
588 608
591 611
594 614
596 616
598 618
599 619
601 602
602 603
604 605
608 609
609 610
611 612
612 613
614 615
617 618
618 619
600 620
601 621
604 624
605 625
606 626
608 628
610 630
613 633
615 635
616 636
620 621
622 623
626 627
632 633
634 635
636 637
637 638
638 639
622 642
623 643
625 645
627 647
628 648
629 649
630 650
631 651
632 652
638 658
639 659
640 641
641 642
643 644
644 645
645 646
651 652
653 654
654 655
656 657
640 660
646 666
647 667
648 668
649 669
650 670
652 672
653 673
655 675
656 676
657 677
659 679
661 662
663 664
664 665
668 669
670 671
678 679
660 680
661 681
662 682
663 683
665 685
667 687
671 691
672 692
673 693
674 694
675 695
676 696
677 697
678 698
679 699
680 681
682 683
683 684
685 686
686 687
687 688
688 689
689 690
690 691
692 693
694 695
695 696
697 698
